totals 72038 images of 659 classes
means: [0.56082571 0.47699063 0.48824169]
stds: [0.30512954 0.28246315 0.27937159]
